1.86889e-05 5.16404e-05 0.000116896
7.7501e-05 0.000213392 0.000480653
0.000180316 0.000493585 0.00110263
0.000330642 0.000897719 0.0019824
0.000531549 0.00142818 0.00310728
0.00078561 0.00208405 0.00445237
0.00109485 0.00286098 0.00598124
0.00146069 0.0037512 0.00764718
0.00188392 0.00474356 0.00939501
0.00236467 0.00582379 0.0111633
0.00290238 0.00697468 0.0128869
0.00349579 0.0081765 0.0145001
0.00414297 0.00940746 0.0159391
0.00484128 0.0106442 0.0171453
0.00558744 0.0118622 0.0180679
0.00637752 0.0130368 0.0186666
0.00720701 0.0141433 0.0189132
0.00807085 0.015158 0.0187937
0.00896351 0.0160586 0.0183086
0.00987902 0.0168248 0.0174735
0.0108111 0.0174391 0.0163189
0.011753 0.0178868 0.0148885
0.0126981 0.0181569 0.0132381
0.0136395 0.018242 0.0114331
0.01457 0.0181389 0.00954576
0.015483 0.0178484 0.00765246
0.0163714 0.0173755 0.00583017
0.0172289 0.0167294 0.00415334
0.0180489 0.0159229 0.00269077
0.0188257 0.0149728 0.00150257
0.0195535 0.0138988 0.000637704
0.0202274 0.0127235 0.000131824
0.0208426 0.0114718 5.80118e-06
0.0213952 0.0101702 0.000264834
0.0218818 0.00884642 0.000898248
0.0222994 0.00752857 0.00187997
0.022646 0.0062446 0.00316965
0.0229199 0.00502168 0.00471439
0.0231203 0.0038856 0.00645101
0.0232469 0.00286022 0.00830868
0.0233 0.00196698 0.0102119
0.0232805 0.00122442 0.0120837
0.02319 0.000647893 0.0138488
0.0230306 0.000249205 0.0154364
0.0228046 3.64686e-05 0.0167835
0.0225153 1.39776e-05 0.0178371
0.0221658 0.000182186 0.0185564
0.0217601 0.000537776 0.0189141
0.021302 0.0010738 0.0188976
0.0207959 0.0017799 0.0185092
0.0202462 0.0026426 0.017766
0.0196576 0.00364566 0.0166988
0.0190348 0.00477046 0.0153511
0.0183825 0.00599643 0.0137767
0.0177053 0.00730152 0.0120379
0.0170081 0.00866266 0.0102029
0.0162953 0.0100563 0.0083429
0.0155713 0.0114587 0.00652946
0.0148406 0.0128466 0.00483176
0.014107 0.0141976 0.00331401
0.0133745 0.0154903 0.00203312
0.0126466 0.0167051 0.00103668
0.0119268 0.0178242 0.000361409
0.011218 0.0188317 3.19399e-05
0.010523 0.0197141 6.01952e-05
0.00984437 0.0204606 0.000445184
0.00918427 0.0210625 0.0011733
0.00854461 0.021514 0.00221907
0.00792704 0.0218117 0.00354629
0.0073329 0.0219547 0.00510957
0.00676329 0.0219445 0.00685609
0.00621906 0.0217848 0.0087276
0.0057008 0.0214815 0.0106625
0.0052089 0.0210422 0.0125982
0.00474353 0.0204761 0.014473
0.00430466 0.0197941 0.0162282
0.00389213 0.0190079 0.0178099
0.00350558 0.0181302 0.019171
0.00314453 0.0171746 0.020272
0.0028084 0.0161546 0.0210823
0.00249649 0.0150845 0.0215808
0.00220802 0.013978 0.0217567
0.00194216 0.012849 0.0216089
0.00169799 0.0117108 0.0211459
0.0014746 0.0105762 0.0203857
0.00127102 0.00945709 0.0193543
0.00108628 0.00836492 0.018085
0.000919437 0.00731004 0.0166173
0.000769522 0.0063019 0.014995
0.000635609 0.00534896 0.0132657
0.0005168 0.00445872 0.0114784
0.000412236 0.00363767 0.00968276
0.000321109 0.00289133 0.00792731
0.000242664 0.00222432 0.0062585
0.000176208 0.00164036 0.00471946
0.000121118 0.0011424 0.00334898
7.68455e-05 0.000732642 0.00218082
4.29251e-05 0.000412683 0.00124304
1.89799e-05 0.000183568 0.000557606
4.72986e-06 4.59104e-05 0.000140164
