0.00117621 0.00192996 0.00250861
0.00476225 0.0075727 0.00953252
0.0106492 0.0160582 0.0191277
0.018479 0.0258178 0.0283409
0.0276844 0.0349293 0.0342155
0.0375548 0.041549 0.0348178
0.0473181 0.0443253 0.0299155
0.0562262 0.0426968 0.0210731
0.0636332 0.0370069 0.0111346
0.069055 0.0284166 0.00328535
0.0722063 0.0186442 2.0352e-05
0.0730098 0.00960077 0.00236714
0.0715816 0.00300861 0.00960681
0.0681965 8.52293e-05 0.0195565
0.0632415 0.0013536 0.0292894
0.0571635 0.00660382 0.0360362
0.0504202 0.0149962 0.0379801
0.0434378 0.0252668 0.0347151
0.0365808 0.0359818 0.0272674
0.0301337 0.0457837 0.0177206
0.024295 0.053587 0.00859431
0.0191807 0.0586962 0.00217853
0.0148349 0.0608391 4.24312e-06
0.0112446 0.0601291 0.00256856
0.00835576 0.056976 0.00934254
0.00608896 0.051973 0.0190121
0.00435243 0.0457828 0.0298529
0.00305249 0.0390426 0.0401269
0.00210091 0.032296 0.0484077
0.0014193 0.025956 0.0537789
0.000941306 0.0202951 0.0558921
0.000612985 0.0154562 0.0549079
0.000392008 0.011476 0.0513584
0.000246221 0.00831406 0.0459813
0.000151913 0.00588149 0.0395626
9.20781e-05 0.00406523 0.0328154
5.48346e-05 0.00274692 0.0263051
3.20873e-05 0.00181546 0.0204198
1.84516e-05 0.00117407 0.0153758
1.04279e-05 0.000743264 0.0112463
5.79232e-06 0.000460771 0.00799989
3.16256e-06 0.000279808 0.00553993
1.69741e-06 0.000166493 0.00373814
8.9562e-07 9.70973e-05 0.00245966
4.64602e-07 5.55138e-05 0.00157928
2.36965e-07 3.11226e-05 0.000990087
1.1884e-07 1.71128e-05 0.000606387
5.86049e-08 9.23041e-06 0.000362995
2.84202e-08 4.88486e-06 0.000212479
1.35538e-08 2.53681e-06 0.000121666
6.35713e-09 1.29299e-06 6.81736e-05
2.9325e-09 6.46902e-07 3.7394e-05
1.3305e-09 3.17743e-07 2.00844e-05
5.93786e-10 1.53237e-07 1.05659e-05
2.60671e-10 7.25692e-08 5.44581e-06
1.1257e-10 3.37516e-08 2.75059e-06
4.78225e-11 1.54183e-08 1.36174e-06
1.99847e-11 6.91858e-09 6.60939e-07
8.21764e-12 3.04992e-09 3.14564e-07
3.32353e-12 1.32098e-09 1.46831e-07
1.3224e-12 5.62175e-10 6.72299e-08
5.1799e-13 2.35084e-10 3.02002e-08
1.9949e-13 9.66042e-11 1.33115e-08
7.56555e-14 3.90147e-11 5.75806e-09
2.8228e-14 1.54853e-11 2.44466e-09
1.03219e-14 6.04201e-12 1.01885e-09
3.71587e-15 2.31749e-12 4.16862e-10
1.30771e-15 8.73507e-13 1.67462e-10
4.4869e-16 3.23725e-13 6.60661e-11
1.52773e-16 1.17908e-13 2.55987e-11
4.95096e-17 4.22108e-14 9.74103e-12
1.56244e-17 1.48527e-14 3.64102e-12
6.10607e-18 5.11613e-15 1.33708e-12
2.25327e-18 1.73176e-15 4.82463e-13
5.96503e-19 5.75232e-16 1.70892e-13
2.60252e-19 1.86709e-16 5.9411e-14
5.83038e-20 6.27775e-17 2.03057e-14
1.60649e-22 2.07878e-17 6.79995e-15
1.73049e-21 6.17355e-18 2.24768e-15
3.20338e-20 1.98924e-18 7.29479e-16
1.15224e-19 4.65445e-19 2.33408e-16
4.29271e-20 1.76798e-20 7.64702e-17
2.65328e-23 6.43072e-21 2.5293e-17
2.91158e-21 2.23454e-20 9.15632e-18
8.08448e-21 9.10652e-22 3.47342e-18
2.0178e-20 2.56377e-21 8.56072e-19
6.51665e-20 1.11722e-28 7.58466e-20
3.50334e-20 1.95515e-21 1.35696e-20
3.61916e-20 2.27399e-20 9.50561e-20
4.18712e-20 2.26629e-20 8.743e-20
1.11559e-22 7.67957e-20 1.76403e-20
1.95636e-20 2.0386e-19 1.74882e-20
2.18614e-20 6.3161e-20 8.08898e-21
1.28432e-21 9.8718e-23 1.34242e-20
7.36853e-21 2.93511e-21 2.08781e-20
3.43195e-22 2.9529e-20 9.20662e-21
2.84342e-21 9.60254e-20 1.84244e-21
1.6628e-22 3.67746e-20 4.86334e-21
1.1406e-20 1.41386e-20 1.02543e-21
2.87596e-20 1.73627e-20 1.89409e-21
