5.58675e-06 3.49745e-05 9.87067e-05
2.32074e-05 0.000144829 0.000406735
5.41483e-05 0.000336169 0.000936398
9.96823e-05 0.0006144 0.00169197
0.000161059 0.000983563 0.00266917
0.000239494 0.00144619 0.0038549
0.000336158 0.0020032 0.00522739
0.000452169 0.00265378 0.0067567
0.000588578 0.00339536 0.00840548
0.000746361 0.00422356 0.0101301
0.000926411 0.00513221 0.0118822
0.00112952 0.00611341 0.0136099
0.00135639 0.00715757 0.0152603
0.00160758 0.00825356 0.0167808
0.00188357 0.00938883 0.0181213
0.00218466 0.0105496 0.0192361
0.00251105 0.0117211 0.0200857
0.00286279 0.0128878 0.0206385
0.00323976 0.0140334 0.0208721
0.00364171 0.0151417 0.0207742
0.00406822 0.0161962 0.0203437
0.0045187 0.0171809 0.0195906
0.0049924 0.0180804 0.0185361
0.00548842 0.0188801 0.0172122
0.00600568 0.0195665 0.0156604
0.00654294 0.0201278 0.0139307
0.00709879 0.0205537 0.01208
0.00767167 0.0208358 0.0101701
0.00825987 0.020968 0.00826531
0.00886153 0.0209462 0.00643062
0.00947463 0.0207688 0.00472911
0.0100971 0.0204367 0.00321972
0.0107265 0.0199532 0.0019551
0.0113606 0.0193243 0.000979633
0.011997 0.0185583 0.000327738
0.0126329 0.0176658 2.25293e-05
0.0132658 0.0166596 7.48748e-05
0.0138929 0.0155547 0.000482893
0.0145116 0.0143677 0.00123191
0.0151189 0.013117 0.00229491
0.015712 0.011822 0.0036334
0.0162882 0.0105032 0.00519875
0.0168446 0.00918153 0.00693391
0.0173785 0.00787839 0.00877546
0.017887 0.00661494 0.0106559
0.0183676 0.00541186 0.0125059
0.0188177 0.004289 0.0142575
0.0192346 0.00326501 0.0158456
0.0196162 0.00235698 0.0172114
0.0199601 0.00158018 0.018304
0.0202643 0.000947713 0.0190824
0.0205267 0.000470325 0.0195172
0.0207457 0.000156151 0.0195918
0.0209198 1.05713e-05 0.0193028
0.0210474 3.60882e-05 0.0186604
0.0211276 0.000232259 0.0176881
0.0211594 0.000595682 0.0164216
0.0211421 0.00112003 0.0149078
0.0210753 0.00179615 0.0132028
0.0209588 0.0026122 0.0113702
0.0207927 0.00355384 0.00947845
0.0205773 0.00460446 0.00759817
0.0203133 0.00574549 0.00579985
0.0200015 0.00695669 0.00415098
0.019643 0.00821652 0.00271351
0.0192393 0.00950252 0.00154155
0.018792 0.0107917 0.000679251
0.0183031 0.0120609 0.000159155
0.0177746 0.0132873 9.03755e-07
0.017209 0.0144488 0.000210481
0.0166089 0.0155243 0.000779948
0.0159771 0.0164944 0.00168772
0.0153167 0.0173414 0.00289936
0.0146309 0.0180498 0.00436883
0.0139231 0.0186065 0.00604029
0.0131968 0.0190013 0.00785012
0.0124557 0.0192267 0.00972938
0.0117036 0.0192784 0.0116064
0.0109443 0.0191552 0.0134096
0.0101819 0.0188591 0.01507
0.00942037 0.0183953 0.0165242
0.00866369 0.0177719 0.0177164
0.00791592 0.0170002 0.0186009
0.00718109 0.016094 0.0191437
0.00646317 0.0150696 0.0193238
0.00576606 0.0139457 0.0191342
0.00509358 0.0127427 0.0185818
0.00444943 0.0114826 0.0176876
0.00383719 0.0101883 0.0164858
0.00326025 0.00888351 0.0150222
0.00272184 0.00759222 0.0133528
0.00222499 0.0063381 0.0115416
0.0017725 0.00514422 0.00965804
0.00136694 0.00403259 0.00777433
0.00101061 0.0030237 0.00596284
0.000705562 0.0021362 0.00429317
0.000453533 0.00138648 0.00282951
0.00025598 0.000788433 0.00162819
0.000114046 0.000353148 0.000735442
2.85531e-05 8.86993e-05 0.00018565
