6.85834e-05 0.000126841 0.000185316
0.000283604 0.000521332 0.000756881
0.000656755 0.00119515 0.00171697
0.00119646 0.00214676 0.00303883
0.00190752 0.003361 0.0046674
0.00279093 0.00480925 0.00652233
0.00384367 0.00645038 0.00850291
0.00505878 0.0082323 0.0104947
0.00642536 0.0100942 0.0123775
0.00792885 0.011969 0.0140336
0.0095513 0.0137867 0.0153563
0.0112718 0.0154773 0.0162579
0.0130668 0.0169741 0.0166761
0.0149111 0.0182167 0.0165789
0.0167778 0.0191542 0.0159675
0.0186395 0.0197472 0.0148765
0.0204686 0.0199701 0.0133721
0.022238 0.0198118 0.011548
0.0239217 0.0192768 0.00951921
0.0254956 0.0183848 0.00741473
0.0269376 0.0171699 0.00536872
0.0282282 0.0156791 0.00351188
0.0293509 0.0139703 0.00196278
0.0302925 0.0121099 0.000820168
0.0310431 0.0101701 0.000156711
0.0315964 0.00822552 1.44404e-05
0.0319495 0.00635065 0.000402347
0.0321028 0.00461655 0.00129616
0.0320601 0.00308834 0.00264031
0.0318281 0.00182271 0.00435184
0.0314161 0.000866035 0.00632606
0.0308359 0.000252859 0.00844342
0.0301012 4.9948e-06 0.0105772
0.0292274 0.000131128 0.0126012
0.028231 0.000626977 0.0143979
0.0271292 0.00147595 0.0158648
0.0259397 0.00265024 0.0169205
0.0246804 0.0041123 0.0175089
0.0233686 0.00581663 0.0176018
0.0220213 0.00771167 0.0171999
0.0206544 0.00974194 0.0163317
0.0192828 0.0118501 0.0150512
0.0179202 0.0139788 0.013434
0.0165791 0.0160729 0.0115726
0.0152701 0.0180807 0.00957057
0.0140027 0.0199557 0.00753654
0.0127847 0.0216574 0.00557854
0.0116225 0.0231523 0.00379818
0.0105209 0.0244145 0.00228582
0.00948361 0.0254255 0.00111646
0.00851283 0.0261747 0.000346736
0.00760976 0.0266584 1.30479e-05
0.00677453 0.02688 0.000130816
0.00600638 0.0268487 0.00069486
0.00530376 0.0265789 0.00168077
0.0046645 0.0260895 0.00304711
0.00408591 0.0254026 0.00473831
0.00356488 0.0245427 0.00668796
0.00309802 0.023536 0.0088224
0.00268174 0.0224092 0.0110643
0.00231234 0.0211888 0.0133363
0.00198609 0.0199008 0.0155638
0.00169927 0.0185695 0.0176781
0.00144828 0.0172175 0.0196185
0.00122964 0.0158655 0.0213341
0.00104001 0.0145314 0.0227846
0.000876285 0.0132309 0.0239412
0.000735532 0.011977 0.0247863
0.000615049 0.0107802 0.0253133
0.000512358 0.00964859 0.0255257
0.000425201 0.00858803 0.0254359
0.000351538 0.00760229 0.0250639
0.000289537 0.00669326 0.0244356
0.000237568 0.00586126 0.0235815
0.000194185 0.00510523 0.0225354
0.000158117 0.00442297 0.0213323
0.000128251 0.00381139 0.0200076
0.00010362 0.00326671 0.0185961
8.33875e-05 0.00278464 0.0171304
6.68338e-05 0.00236062 0.0156409
5.33436e-05 0.00198986 0.0141547
4.23932e-05 0.00166759 0.0126956
3.35395e-05 0.00138908 0.0112836
2.64092e-05 0.00114976 0.00993519
2.06894e-05 0.000945264 0.00866317
1.61191e-05 0.000771515 0.00747698
1.24821e-05 0.000624719 0.00638296
9.5993e-06 0.000501401 0.0053847
7.32388e-06 0.000398411 0.00448339
5.53559e-06 0.000312919 0.00367822
4.13659e-06 0.000242411 0.00296677
3.04762e-06 0.000184672 0.00234537
2.20487e-06 0.000137771 0.00180948
1.55724e-06 0.000100043 0.00135402
1.06412e-06 7.00663e-05 0.000973639
6.93563e-07 4.66482e-05 0.000663018
4.20727e-07 2.88031e-05 0.000417096
2.26715e-07 1.57395e-05 0.000231286
9.76348e-08 6.84712e-06 0.000101682
2.39395e-08 1.68917e-06 2.52445e-05
