0.0119446 0
0.0140863 0.0843657
0.0143923 0.159845
0.0138525 0.227276
0.0129551 0.287418
0.0119381 0.340957
0.0109149 0.388515
0.00993702 0.430657
0.00902583 0.467894
0.00818776 0.500686
0.00742231 0.529455
0.00672583 0.554578
0.00609341 0.576399
0.0055198 0.595231
0.00499987 0.611353
0.00452875 0.625023
0.00410194 0.636471
0.00371532 0.645906
0.00336511 0.653519
0.00304791 0.659481
0.0027606 0.663947
0.00250037 0.667059
0.00226467 0.668945
0.00205119 0.669719
0.00185783 0.669488
0.0016827 0.668344
0.00152408 0.666376
0.00138041 0.663659
0.00125028 0.660265
0.00113243 0.656258
0.00102568 0.651696
0.000928989 0.64663
0.000841417 0.641108
0.0007621 0.635174
0.000690259 0.628866
0.000625191 0.622219
0.000566257 0.615265
0.000512878 0.608034
0.000464531 0.600551
0.000420741 0.59284
0.000381079 0.584923
0.000345157 0.576819
0.00031262 0.568545
0.00028315 0.560118
0.000256459 0.551552
0.000232283 0.542861
0.000210387 0.534055
0.000190555 0.525146
0.000172592 0.516144
0.000156322 0.507057
0.000141586 0.497893
0.000128239 0.48866
0.000116151 0.479364
0.000105202 0.470011
9.52847e-05 0.460606
8.63026e-05 0.451155
7.81671e-05 0.441661
7.07986e-05 0.432129
6.41247e-05 0.422562
5.80799e-05 0.412964
5.26049e-05 0.403337
4.76461e-05 0.393685
4.31546e-05 0.384009
3.90866e-05 0.374311
3.54021e-05 0.364595
3.20648e-05 0.354861
2.90422e-05 0.345112
2.63045e-05 0.335348
2.38249e-05 0.325572
2.1579e-05 0.315784
1.95448e-05 0.305985
1.77024e-05 0.296176
1.60337e-05 0.286359
1.45222e-05 0.276534
1.31533e-05 0.266702
1.19134e-05 0.256864
1.07903e-05 0.247019
9.77318e-06 0.23717
8.8519e-06 0.227315
8.01746e-06 0.217456
7.26168e-06 0.207594
6.57715e-06 0.197727
5.95715e-06 0.187858
5.39559e-06 0.177985
4.88696e-06 0.16811
4.42628e-06 0.158233
4.00901e-06 0.148353
3.63107e-06 0.138471
3.28872e-06 0.128588
2.97858e-06 0.118703
2.69756e-06 0.108816
2.44279e-06 0.0989286
2.21155e-06 0.0890396
2.00113e-06 0.0791495
1.80861e-06 0.0692584
1.63036e-06 0.0593664
1.46115e-06 0.0494736
1.29236e-06 0.0395801
1.10844e-06 0.0296859
8.79765e-07 0.0197911
5.48455e-07 0.00989582
0 5.88857e-18
